======================================================================
  Step 3: Robustness — Minnesota Prior Sensitivity
======================================================================
Variables: ['gdp_yoy', 'cpi_yoy', 'wibor_3m']
Lags p=2, Gibbs draws kept=5000 (burn-in=1000)
Models: lambda = [0.1, 0.2, 0.4]


======================================================================
  lambda = 0.1
======================================================================

  Equation: gdp_yoy
  Regressor                   Mean       Std       16%       84%
  ----------------------------------------------------------
  gdp_yoy_L1                0.7604    0.0675    0.6934    0.8276
  cpi_yoy_L1               -0.1684    0.1120   -0.2779   -0.0572
  wibor_3m_L1              -0.1385    0.1908   -0.3284    0.0519
  gdp_yoy_L2               -0.0271    0.0443   -0.0711    0.0169
  cpi_yoy_L2                0.0804    0.1044   -0.0255    0.1840
  wibor_3m_L2               0.0757    0.1744   -0.0968    0.2481
  intercept                 1.5480    0.4443    1.1097    1.9999

  Equation: cpi_yoy
  Regressor                   Mean       Std       16%       84%
  ----------------------------------------------------------
  gdp_yoy_L1                0.0672    0.0277    0.0395    0.0944
  cpi_yoy_L1                1.0469    0.0448    1.0030    1.0920
  wibor_3m_L1               0.0017    0.0784   -0.0757    0.0800
  gdp_yoy_L2                0.0277    0.0180    0.0098    0.0456
  cpi_yoy_L2               -0.0790    0.0425   -0.1210   -0.0370
  wibor_3m_L2              -0.0710    0.0710   -0.1414   -0.0015
  intercept                 0.0714    0.1872   -0.1200    0.2568

  Equation: wibor_3m
  Regressor                   Mean       Std       16%       84%
  ----------------------------------------------------------
  gdp_yoy_L1                0.0666    0.0154    0.0515    0.0819
  cpi_yoy_L1                0.0823    0.0257    0.0561    0.1075
  wibor_3m_L1               1.0224    0.0445    0.9777    1.0669
  gdp_yoy_L2                0.0144    0.0102    0.0043    0.0246
  cpi_yoy_L2               -0.0201    0.0242   -0.0447    0.0041
  wibor_3m_L2              -0.1089    0.0403   -0.1492   -0.0684
  intercept                -0.2061    0.1039   -0.3077   -0.1032

  IRF: wibor_3m shock -> cpi_yoy  (lambda=0.1)
    h      Median         16%         84%          5%         95%
  ----------------------------------------------------------
    0    0.000000    0.000000    0.000000    0.000000    0.000000
    1    0.000095   -0.032484    0.034344   -0.054246    0.056567
    2   -0.033625   -0.075746    0.009235   -0.104328    0.038192
    3   -0.071289   -0.120621   -0.022978   -0.154688    0.008380
    4   -0.106106   -0.163748   -0.051281   -0.202570   -0.017804
    5   -0.135535   -0.201442   -0.075134   -0.245223   -0.037239
    6   -0.159416   -0.231232   -0.093668   -0.283361   -0.052835
    7   -0.177698   -0.255454   -0.106882   -0.313482   -0.064697
    8   -0.190619   -0.271957   -0.116287   -0.337152   -0.072601
    9   -0.198133   -0.284504   -0.122900   -0.354353   -0.077943
   10   -0.201875   -0.290083   -0.125058   -0.367483   -0.081126
   11   -0.202474   -0.294094   -0.125573   -0.375281   -0.081412
   12   -0.199933   -0.294520   -0.123489   -0.376784   -0.079650
   13   -0.194075   -0.292311   -0.119259   -0.375171   -0.076703
   14   -0.187145   -0.285910   -0.114092   -0.369037   -0.073349
   15   -0.177853   -0.276105   -0.107395   -0.362227   -0.067747
   16   -0.167005   -0.265070   -0.100016   -0.351035   -0.062005
   17   -0.155997   -0.253248   -0.092037   -0.340873   -0.056339
   18   -0.144460   -0.239216   -0.084014   -0.330552   -0.050876
   19   -0.132756   -0.225937   -0.075369   -0.316690   -0.045300
   20   -0.121634   -0.211182   -0.066772   -0.302719   -0.039315

======================================================================
  lambda = 0.2
======================================================================

  Equation: gdp_yoy
  Regressor                   Mean       Std       16%       84%
  ----------------------------------------------------------
  gdp_yoy_L1                0.6943    0.0879    0.6082    0.7804
  cpi_yoy_L1               -0.2556    0.1689   -0.4253   -0.0886
  wibor_3m_L1              -0.0379    0.3000   -0.3361    0.2655
  gdp_yoy_L2               -0.0044    0.0714   -0.0768    0.0663
  cpi_yoy_L2                0.1591    0.1692   -0.0086    0.3288
  wibor_3m_L2              -0.0310    0.2776   -0.3081    0.2441
  intercept                 1.7751    0.5004    1.2879    2.2724

  Equation: cpi_yoy
  Regressor                   Mean       Std       16%       84%
  ----------------------------------------------------------
  gdp_yoy_L1                0.0760    0.0361    0.0406    0.1120
  cpi_yoy_L1                1.1494    0.0690    1.0809    1.2177
  wibor_3m_L1               0.0570    0.1229   -0.0647    0.1810
  gdp_yoy_L2                0.0513    0.0287    0.0230    0.0792
  cpi_yoy_L2               -0.1952    0.0690   -0.2639   -0.1278
  wibor_3m_L2              -0.1113    0.1135   -0.2268    0.0013
  intercept                -0.0713    0.2005   -0.2717    0.1272

  Equation: wibor_3m
  Regressor                   Mean       Std       16%       84%
  ----------------------------------------------------------
  gdp_yoy_L1                0.0758    0.0195    0.0564    0.0950
  cpi_yoy_L1                0.1107    0.0383    0.0731    0.1483
  wibor_3m_L1               1.1219    0.0687    1.0538    1.1899
  gdp_yoy_L2                0.0192    0.0158    0.0033    0.0352
  cpi_yoy_L2               -0.0574    0.0383   -0.0956   -0.0206
  wibor_3m_L2              -0.1987    0.0634   -0.2611   -0.1362
  intercept                -0.2645    0.1093   -0.3721   -0.1567

  IRF: wibor_3m shock -> cpi_yoy  (lambda=0.2)
    h      Median         16%         84%          5%         95%
  ----------------------------------------------------------
    0    0.000000    0.000000    0.000000    0.000000    0.000000
    1    0.022049   -0.026602    0.074187   -0.059365    0.106453
    2    0.005776   -0.064788    0.077015   -0.112540    0.120331
    3   -0.029353   -0.108372    0.053804   -0.164773    0.103161
    4   -0.066790   -0.154852    0.020432   -0.216424    0.076146
    5   -0.103278   -0.196169   -0.012052   -0.261647    0.048531
    6   -0.134443   -0.232046   -0.041645   -0.303128    0.021266
    7   -0.159218   -0.259619   -0.066331   -0.332846   -0.002263
    8   -0.176768   -0.277939   -0.084475   -0.356387   -0.019783
    9   -0.189261   -0.289932   -0.097373   -0.369160   -0.036594
   10   -0.195219   -0.298192   -0.105316   -0.377417   -0.046973
   11   -0.196921   -0.298307   -0.107625   -0.379608   -0.052045
   12   -0.193308   -0.295702   -0.106338   -0.379340   -0.056157
   13   -0.186175   -0.287401   -0.102293   -0.376596   -0.054252
   14   -0.176337   -0.276758   -0.097236   -0.366955   -0.051102
   15   -0.166129   -0.263924   -0.090406   -0.355238   -0.047005
   16   -0.153535   -0.248922   -0.081900   -0.340695   -0.042183
   17   -0.140328   -0.233714   -0.073903   -0.323157   -0.037126
   18   -0.127354   -0.218455   -0.064942   -0.306425   -0.031478
   19   -0.113822   -0.203537   -0.055981   -0.291681   -0.026015
   20   -0.100843   -0.187757   -0.048049   -0.277100   -0.020419

======================================================================
  lambda = 0.4
======================================================================

  Equation: gdp_yoy
  Regressor                   Mean       Std       16%       84%
  ----------------------------------------------------------
  gdp_yoy_L1                0.6350    0.1035    0.5327    0.7389
  cpi_yoy_L1               -0.3206    0.2219   -0.5421   -0.0973
  wibor_3m_L1               0.1797    0.3980   -0.2131    0.5713
  gdp_yoy_L2                0.0264    0.0955   -0.0693    0.1228
  cpi_yoy_L2                0.2004    0.2246   -0.0270    0.4263
  wibor_3m_L2              -0.2380    0.3717   -0.6118    0.1301
  intercept                 1.9309    0.5506    1.3934    2.4651

  Equation: cpi_yoy
  Regressor                   Mean       Std       16%       84%
  ----------------------------------------------------------
  gdp_yoy_L1                0.0532    0.0409    0.0120    0.0940
  cpi_yoy_L1                1.2596    0.0897    1.1716    1.3477
  wibor_3m_L1               0.0904    0.1600   -0.0669    0.2512
  gdp_yoy_L2                0.0666    0.0382    0.0277    0.1037
  cpi_yoy_L2               -0.3197    0.0904   -0.4085   -0.2300
  wibor_3m_L2              -0.1307    0.1496   -0.2804    0.0161
  intercept                -0.0605    0.2129   -0.2685    0.1506

  Equation: wibor_3m
  Regressor                   Mean       Std       16%       84%
  ----------------------------------------------------------
  gdp_yoy_L1                0.0657    0.0229    0.0431    0.0878
  cpi_yoy_L1                0.1349    0.0492    0.0853    0.1845
  wibor_3m_L1               1.2137    0.0885    1.1274    1.3009
  gdp_yoy_L2                0.0189    0.0206   -0.0015    0.0392
  cpi_yoy_L2               -0.0929    0.0497   -0.1430   -0.0435
  wibor_3m_L2              -0.2810    0.0823   -0.3619   -0.1990
  intercept                -0.2237    0.1181   -0.3404   -0.1079

  IRF: wibor_3m shock -> cpi_yoy  (lambda=0.4)
    h      Median         16%         84%          5%         95%
  ----------------------------------------------------------
    0    0.000000    0.000000    0.000000    0.000000    0.000000
    1    0.035867   -0.027413    0.102188   -0.069117    0.146170
    2    0.039149   -0.059333    0.141604   -0.126275    0.207478
    3    0.025649   -0.091795    0.146383   -0.171912    0.225649
    4   -0.000521   -0.127822    0.128406   -0.215482    0.215043
    5   -0.035571   -0.167646    0.099808   -0.257581    0.188799
    6   -0.070481   -0.204417    0.062930   -0.299013    0.154229
    7   -0.103738   -0.236345    0.023616   -0.329777    0.112860
    8   -0.131429   -0.261425   -0.011533   -0.356931    0.072332
    9   -0.153399   -0.279461   -0.043311   -0.378222    0.037736
   10   -0.170135   -0.291534   -0.065123   -0.387448    0.010475
   11   -0.180186   -0.295754   -0.079813   -0.394437   -0.008845
   12   -0.183526   -0.295447   -0.088169   -0.395098   -0.021514
   13   -0.183089   -0.291308   -0.090635   -0.391339   -0.027503
   14   -0.175953   -0.284320   -0.088026   -0.380073   -0.029504
   15   -0.164900   -0.272267   -0.081715   -0.367814   -0.028225
   16   -0.152357   -0.257308   -0.074769   -0.354233   -0.025952
   17   -0.138888   -0.238622   -0.065879   -0.334596   -0.022564
   18   -0.123879   -0.220952   -0.056649   -0.313585   -0.017467
   19   -0.109195   -0.201350   -0.046089   -0.293945   -0.012992
   20   -0.095089   -0.183899   -0.036752   -0.273441   -0.006913

======================================================================
  IRF Median Comparison (wibor_3m -> cpi_yoy)
======================================================================
    h       lam=0.1       lam=0.2       lam=0.4
  ---------------------------------------------
    0      0.000000      0.000000      0.000000
    1      0.000095      0.022049      0.035867
    2     -0.033625      0.005776      0.039149
    3     -0.071289     -0.029353      0.025649
    4     -0.106106     -0.066790     -0.000521
    5     -0.135535     -0.103278     -0.035571
    6     -0.159416     -0.134443     -0.070481
    7     -0.177698     -0.159218     -0.103738
    8     -0.190619     -0.176768     -0.131429
    9     -0.198133     -0.189261     -0.153399
   10     -0.201875     -0.195219     -0.170135
   11     -0.202474     -0.196921     -0.180186
   12     -0.199933     -0.193308     -0.183526
   13     -0.194075     -0.186175     -0.183089
   14     -0.187145     -0.176337     -0.175953
   15     -0.177853     -0.166129     -0.164900
   16     -0.167005     -0.153535     -0.152357
   17     -0.155997     -0.140328     -0.138888
   18     -0.144460     -0.127354     -0.123879
   19     -0.132756     -0.113822     -0.109195
   20     -0.121634     -0.100843     -0.095089
