======================================================================
  Step 2: BVAR Estimation — Poland Macro
======================================================================
Variables: ['gdp_yoy', 'cpi_yoy', 'wibor_3m']
Lags p=2,  Minnesota prior lambda=0.2  (random-walk prior, levels)
Chains: 2 x 5000 kept draws  (burn-in 1000 each)
Effective observations: T_e=94

Posterior Coefficients (pooled chains)
-----------------------------------------------------------------

  Equation: gdp_yoy
  Regressor                   Mean       Std       16%       84%  R-hat
  ------------------------------------------------------------
  gdp_yoy_L1                0.6948    0.0879    0.6083    0.7821  0.9999
  cpi_yoy_L1               -0.2560    0.1696   -0.4255   -0.0859  0.9999
  wibor_3m_L1              -0.0381    0.3014   -0.3385    0.2655  0.9999
  gdp_yoy_L2               -0.0050    0.0707   -0.0762    0.0654  1.0000
  cpi_yoy_L2                0.1596    0.1696   -0.0062    0.3293  0.9999
  wibor_3m_L2              -0.0313    0.2795   -0.3116    0.2468  0.9999
  intercept                 1.7763    0.4950    1.2872    2.2668  0.9999

  Equation: cpi_yoy
  Regressor                   Mean       Std       16%       84%  R-hat
  ------------------------------------------------------------
  gdp_yoy_L1                0.0762    0.0359    0.0403    0.1120  0.9999
  cpi_yoy_L1                1.1486    0.0690    1.0812    1.2179  1.0001
  wibor_3m_L1               0.0590    0.1219   -0.0629    0.1810  1.0002
  gdp_yoy_L2                0.0511    0.0291    0.0225    0.0798  0.9999
  cpi_yoy_L2               -0.1947    0.0689   -0.2628   -0.1268  1.0000
  wibor_3m_L2              -0.1133    0.1128   -0.2268    0.0002  1.0002
  intercept                -0.0722    0.1989   -0.2703    0.1253  0.9999

  Equation: wibor_3m
  Regressor                   Mean       Std       16%       84%  R-hat
  ------------------------------------------------------------
  gdp_yoy_L1                0.0758    0.0195    0.0566    0.0947  0.9999
  cpi_yoy_L1                0.1111    0.0380    0.0735    0.1486  1.0000
  wibor_3m_L1               1.1220    0.0686    1.0538    1.1900  0.9999
  gdp_yoy_L2                0.0189    0.0159    0.0029    0.0349  1.0003
  cpi_yoy_L2               -0.0577    0.0381   -0.0961   -0.0200  1.0000
  wibor_3m_L2              -0.1988    0.0633   -0.2617   -0.1361  0.9999
  intercept                -0.2637    0.1091   -0.3719   -0.1568  1.0000

-----------------------------------------------------------------
  Gelman-Rubin R-hat Summary
-----------------------------------------------------------------
  Min  R-hat : 0.9999
  Max  R-hat : 1.0003
  Mean R-hat : 1.0000
  Convergence (all R-hat < 1.1): Yes

-----------------------------------------------------------------
  Posterior mean of Sigma (residual covariance)
-----------------------------------------------------------------
         gdp_yoy       cpi_yoy      wibor_3m
  gdp_yoy             4.141762      0.285444      0.298910
  cpi_yoy             0.285444      0.675489      0.091665
  wibor_3m            0.298910      0.091665      0.203388

-----------------------------------------------------------------
  IRF: wibor_3m shock -> gdp_yoy  (Cholesky)
-----------------------------------------------------------------
    h      Median         16%         84%          5%         95%
  ----------------------------------------------------------
    0    0.000000    0.000000    0.000000    0.000000    0.000000
    1   -0.014840   -0.138608    0.109175   -0.221502    0.187910
    2   -0.047967   -0.162219    0.064761   -0.243969    0.137470
    3   -0.062545   -0.154470    0.026923   -0.221639    0.089728
    4   -0.063942   -0.138324    0.010517   -0.197399    0.063402
    5   -0.056766   -0.122396    0.009391   -0.174523    0.057280
    6   -0.045532   -0.107743    0.017961   -0.153381    0.063142
    7   -0.032007   -0.091552    0.029610   -0.135368    0.075910
    8   -0.019362   -0.076204    0.040667   -0.118257    0.086202
    9   -0.006643   -0.059821    0.050699   -0.100915    0.095798
   10    0.004625   -0.045410    0.059434   -0.084313    0.102380
   11    0.014320   -0.032180    0.066216   -0.069598    0.109010
   12    0.022350   -0.021337    0.071597   -0.056092    0.114142
   13    0.028549   -0.012416    0.075727   -0.043759    0.117954
   14    0.032663   -0.004750    0.078306   -0.033517    0.119549
   15    0.035371    0.001421    0.079329   -0.024692    0.119422
   16    0.037048    0.005847    0.079016   -0.018583    0.118382
   17    0.037337    0.008933    0.078346   -0.012799    0.116170
   18    0.036790    0.010692    0.076158   -0.008638    0.113063
   19    0.035935    0.011565    0.072879   -0.005391    0.108561
   20    0.034352    0.011965    0.069148   -0.002529    0.104972

-----------------------------------------------------------------
  IRF: wibor_3m shock -> cpi_yoy  (Cholesky)
-----------------------------------------------------------------
    h      Median         16%         84%          5%         95%
  ----------------------------------------------------------
    0    0.000000    0.000000    0.000000    0.000000    0.000000
    1    0.024389   -0.025720    0.074670   -0.059102    0.106191
    2    0.007474   -0.063840    0.077526   -0.110819    0.120007
    3   -0.027224   -0.107622    0.053483   -0.164028    0.103156
    4   -0.065138   -0.154163    0.020535   -0.215761    0.075972
    5   -0.101505   -0.195892   -0.012464   -0.262178    0.046677
    6   -0.133163   -0.230757   -0.042656   -0.303056    0.018306
    7   -0.158330   -0.257284   -0.067925   -0.332645   -0.005805
    8   -0.176448   -0.276123   -0.087152   -0.356400   -0.024530
    9   -0.188473   -0.288729   -0.100378   -0.371111   -0.039883
   10   -0.194389   -0.296681   -0.107056   -0.378185   -0.050342
   11   -0.195914   -0.297046   -0.109945   -0.382503   -0.055795
   12   -0.192604   -0.294114   -0.108911   -0.379340   -0.058437
   13   -0.185551   -0.286445   -0.104422   -0.374436   -0.056746
   14   -0.176065   -0.276866   -0.099405   -0.365008   -0.052744
   15   -0.164977   -0.264600   -0.091961   -0.354733   -0.048939
   16   -0.152644   -0.250622   -0.083702   -0.339265   -0.043234
   17   -0.139487   -0.235281   -0.074616   -0.321939   -0.037904
   18   -0.126550   -0.219495   -0.065651   -0.307116   -0.031159
   19   -0.113718   -0.203537   -0.056595   -0.291214   -0.025349
   20   -0.101376   -0.186987   -0.048061   -0.274983   -0.020308
